77915052417
77916549385
77916627495
77977270966
77999555559
78968628241
79001668077
79002658341
79003003432
79003004754
79004691441
79013330971
79015324731
79015390884
79017081292
79017099530
79017191339
79017577093
79017857730
79017940263
79017963288
79017994801
79018558891
79018704000
79021366544
79024565323
79028744795
79030080398
79030090222
79031004004
79031062199
79031086330
79031108803
79031216644
79031232667
79031327132
79031356352
79031442639
79031457355
79031459750
79031545682
79031596698
79031597001
79031711950
79031773303
79031900421
79031931412
79031974988
79032010305
79032151599
79032217490
79032243433
79032418754
79032445757
79032522074
79032606786
79032620169
79032747457
79032945046
79033071824
79033834422
79034693529
79035064856
79035271521
79035447777
79035453585
79035453586
79035505203
79035716366
79035720477
79035733978
79035834486
79035955500
79036121861
79036137613
79036199701
79036242002
79036260001
79036652390
79037078800
79037365054
79037376209
79037643332
79037699966
79037770181
79037907680
79037994229
79038765107
79039663322
79039663871
79039670772
79040873753
79040939237
79046539179
79050632489
79053793628
79054150702
79054257500
79055035292
79055042342
79055056046
79055313538
79055444467
79055598299
79055668600
79055728800
79055827689
79055832180
79056326577
79057001872
79057204770
79057211005
79057366699
79057862068
79057871205
79058161159
79060377081
79060416949
79060646247
79060673823
79060711259
79060744527
79061633516
79062906000
79064472061
79064629297
79066228940
79066786818
79067006669
79067341460
79067352697
79067370677
79067464455
79067896071
79068998631
79081578656
79083037158
79084683173
79084936120
79085047326
79087832952
79091092233
79091503391
79091548946
79091645653
79092740666
79094323838
79096227796
79096445915
79096571800
79099444137
79099688346
79099718055
79099775566
79099876576
79099952076
79100019400
79100045787
79102799928
79103112081
79104009849
79104025110
79104873298
79104877552
79104903366
79104942889
79107517371
79107911552
79109472797
79109779221
79109942222
79112891785
79113412293
79118861197
79119119114
79125172255
79126594539
79127842381
79144027144
79147934630
79150484271
79150540741
79150768720
79150770127
79151053311
79151230909
79151511717
79151514211
79151563431
79151572975
79151828819
79151843646
79151959939
79152088808
79152266504
79152276443
79152288856
79152427291
79152707617
79153050060
79153177001
79153471517
79153550482
79153624701
79153645572
79153822171
79153866268
79154155449
79154324485
79154476073
79154498636
79154563360
79154621685
79155171419
79155491110
79156232545
79156540066
79158027095
79158660499
79160142980
79160166472
79160185254
79160300263
79160329797
79160404664
79160435754
79160571097
79160813664
79160927585
79160951229
79161167294
79161174639
79161212063
79161218837
79161369837
79161478535
79161529276
79161587719
79161694342
79161706735
79162037070
79162144148
79162229744
79162237976
79162520333
79162618272
79162646820
79162668333
79162694874
79162860808
79162902641
79163377983
79163759888
79163813820
79163835031
79163851400
79163959586
79164127530
79164379397
79164415263
79164423024
79164432994
79164461515
79164533344
79164541454
79164834080
79164888285
79165004244
79165016876
79165040634
79165131117
79165200639
79165220622
79165432280
79165635693
79165727259
79165774825
79165857402
79165897300
79165910615
79165915125
79166069312
79166153311
79166206824
79166339325
79166487778
79166523522
79166592048
79166610857
79166623006
79166764762
79166781443
79166866640
79167097999
79167199168
79167212074
79167359441
79167506618
79167669512
79167722292
79167952716
79168227000
79168229965
79168341520
79168374385
79168391013
79168519595
79168624515
79168771029
79168881247
79169001425
79169086444
79169086474
79169107172
79169280706
79169284452
79169399901
79169573112
79169587065
79169604746
79169734385
79169751302
79169766363
79169944882
79169994081
79175065999
79175141038
79175222262
79175427668
79175954888
79178162005
79183273907
79185248619
79187644269
79190123617
79190176608
79191020738
79191063467
79191078191
79191083698
79191438001
79192660302
79193093671
79197076808
79197671555
79197794983
79197845900
79199612012
79199681146
79199993244
79200055123
79205358503
79205700561
79206086101
79206799006
79212256957
79214329750
79219452301
79220666633
79222690101
79242736618
79245567177
79249150750
79250097707
79250313972
79250475949
79250515351
79250558950
79250588703
79250651811
79250656293
79250709429
79250925245
79251015774
79251088739
79251198820
79251225451
79251687994
79251739372
79251794686
79251830911
79251882663
79252085998
79252210222
79252242216
79252325852
79252739372
79253028898
79253034483
79253119519
79253185226
79253353747
79253377777
79253383650
79253394990
79253855154
79254378584
79254538888
79254733788
79254871013
79255022690
79255026526
79255054497
79255136740
79255551426
79255892300
79255914448
79255979067
79256444316
79257447400
79257667999
79257902531
79258192646
79258279496
79258325990
79258510077
79258543965
79258572836
79258628434
79258661252
79258688618
79258910626
79259058505
79259245494
79259510199
79259778945
79260133131
79260275655
79260340272
79260764248
79260777241
79260815781
79260897360
79261112555
79261133825
79261199881
79261210002
79261244139
79261265470
79261312871
79261346009
79261358095
79261373104
79261389874
79261441619
79261453088
79261460543
79261472288
79261584294
79261640902
79261861145
79261862030
79261908688
79261974851
79262039911
79262043089
79262130776
79262132915
79262191699
79262207767
79262219161
79262262696
79262330860
79262444236
79262539271
79262558612
79262568286
79262575370
79262588236
79262623126
79262637251
79262810034
79262838121
79262846157
79262865514
79262888834
79263169765
79263247037
79263352597
79263360426
79263431125
79263498696
79263686318
79263750873
79263776587
79263863808
79263903078
79263931186
79263935091
79263942149
79263987188
79264089411
79264140407
79264173956
79264190099
79264221646
79264313978
79264692337
79264754218
79264775751
79265095063
79265200939
79265276333
79265278160
79265345125
79265398881
79265414003
79265423685
79265494541
79265494789
79265499540
79265522862
79265601705
79265720267
79265727263
79265748276
79265778457
79265788820
79265798796
79265975670
79266002596
79266032722
79266035314
79266098626
79266103181
79266110396
79266170826
79266228229
79266284461
79266370000
79266500114
79266608871
79266702713
79266794197
79266827534
79266854608
79266968814
79266978803
79267007173
79267119544
79267129979
79267193977
79267464269
79267612121
79267827501
79267842670
79267852093
79267874419
79268001029
79268071759
79268136081
79268205213
79268374744
79268419990
79268571993
79268580299
79268693606
79268703217
79268800204
79268848810
79269002141
79269129576
79269201723
79269282943
79269298249
79269520703
79269531717
79269671793
79270730200
79272022476
79273490088
79275158800
79275255248
79277538804
79277855556
79278843777
79283000295
79285499664
79289025809
79289599981
79289633722
79290003993
79291112060
79292950100
79295115813
79295297420
79295315899
79295794464
79296058805
79296284101
79296307568
79296488628
79296524458
79296575300
79296794739
79299102828
79299246696
79299315285
79299419504
79299659344
79299677284
79299907769
79299951846
79299967000
79299992969
79299994851
79300007121
79301214131
79303413438
79308120246
79309549647
79309649780
79309953676
79322365422
79326179877
79337777042
79361110013
79365555071
79367772844
79371403191
79373788029
79384001008
79385006086
79388770739
79394442526
79398670674
79503561649
79507771368
79510789733
79510943454
79513689959
79515528695
79517556249
79519176773
79521209070
79524256364
79524587727
79525928398
79533304735
79534409995
79536127139
79585651801
79586316756
79590176069
79601314294
79604595243
79604595543
79605098040
79606242939
79606893802
79608426098
79611708909
79611907889
79613610405
79616040785
79616240482
79618678229
79620225999
79629002031
79629041580
79629199779
79629880828
79629979580
79632994151
79633328037
79636057057
79636510192
79637504624
79637611111
79637674157
79639391959
79639993390
79645819234
79645943332
79646344776
79646370606
79646417520
79647001625
79647695484
79647826821
79647842324
79647868363
79650444854
79651004090
79651015889
79651074242
79651194423
79651341422
79651582211
79651898979
79651948606
79652200882
79652204558
79652479167
79652693322
79652761313
79653033233
79653160595
79653189252
79653368280
79653440440
79653919790
79653980711
79654249713
79657133349
79660324090
79660858413
79660925522
79660998469
79661103899
79661319559
79661319654
79661797445
79663136600
79663284950
79663634477
79668884065
79670214056
79670624931
79672200337
79672226127
79672575184
79672700027
79672899078
79672962777
79680068613
79680107006
79680302809
79680350679
79680409966
79680511343
79683212790
79684069606
79684214223
79684333919
79684883440
79685380101
79685619029
79685912746
79686006665
79686014882
79687297869
79687811537
79688131133
79688405098
79689586454
79689615080
79689835595
79689894593
79689979400
79690170009
79691112801
79691239598
79692814413
79693440666
79698640187
79770002222
79771064021
79771167735
79771671939
79771777099
79771985308
79771993236
79771993766
79772591168
79772646300
79772702351
79772864406
79773302800
79773512915
79773559728
79773737011
79773896460
79773987731
79774064519
79774189195
79774237758
79774375163
79774436993
79774495896
79774735989
79774919100
79774925729
79774946507
79774986939
79775059057
79775167160
79775446959
79775505034
79775670377
79775682465
79775770982
79775864188
79776388516
79776574696
79776620177
79776626175
79777000010
79777077762
79777287607
79777304266
79777319679
79777480682
79778121912
79778273407
79778303807
79778367440
79778387480
79778685529
79778985199
79779116000
79779558109
79779566021
79779635104
79779656861
79779663273
79779697314
79779767676
79779814933
79779940358
79790098618
79800000899
79800001035
79803203370
79803303077
79804246151
79810000556
79819150290
79822037708
79824701711
79825887044
79841942515
79842996886
79850168885
79850356645
79850586044
79850779560
79851022333
79851076170
79851188485
79851343880
79851427219
79851437219
79851531915
79851542449
79851677983
79851956285
79852021169
79852102722
79852296939
79852425215
79852450637
79852587552
79852628016
79852692377
79853030329
79853324863
79853338549
79853426515
79853548878
79853621075
79853657977
79853850956
79853887707
79854236096
79854257445
79854350364
79854427696
79854774954
79854844013
79855123002
79855252851
79855456869
79855637888
79855706791
79856176882
79856456047
79856461442
79856468241
79856641593
79857170719
79857244483
79857296988
79857368248
79857621701
79857679868
79857721934
79857908789
79857974297
79858034068
79858084457
79858222853
79858520237
79858589977
79858650505
79858662802
79859092134
79859208859
79859359397
79859382112
79859626422
79859724046
79859756256
79859867496
79859913538
79859936968
79873856895
79880107760
79885629719
79891792473
79891973966
79895773361
79895898888
79895914881
79896346257
79912534061
79912810505
79916829411
79916908647
79917200678
79919490555
79924231471
79925661488
79932530604
79933572550
79939003622
79939282051
79939999884
79945555566
79953835531
79955028494
79956571860
79959216929
79961288129
79962384980
79966294241
79990714217
79991143100
79991250795
79991717909
79992151907
79993444450
79993974634
79995773410
79995986688
79997193151
79997799372
79997900146
79997978989
79998060343
79998252621
79998305305
79998321827
79998363193
79998995530
79999641004
79999649463
79999682165
79999797419
79999852544
79999856865
79999923168
79999986663
